1+1
a <- 1+1
b <- a+1
c <- b+a+1
d <- c/(a*2)